InSilicoSize10_Ecoli1.txt

AUC =

   1.7963e-01


AUROC =

   5.9666e-01


P_AUC =

   1.8637e-01


P_AUROC =

   1.4199e-01

InSilicoSize10_Ecoli2.txt

AUC =

   1.6676e-01


AUROC =

   5.1289e-01


P_AUC =

   5.5351e-01


P_AUROC =

   4.3687e-01

InSilicoSize10_Yeast1.txt

AUC =

   2.7268e-01


AUROC =

   5.9750e-01


P_AUC =

   2.6627e-02


P_AUROC =

   1.5885e-01

InSilicoSize10_Yeast2.txt

AUC =

   4.4362e-01


AUROC =

   6.3569e-01


P_AUC =

   1.2760e-02


P_AUROC =

   2.2367e-02

InSilicoSize10_Yeast3.txt

AUC =

   3.4657e-01


AUROC =

   6.1029e-01


P_AUC =

   7.0693e-02


P_AUROC =

   6.0368e-02

--------------------------------------------------
SUMMARY

score =

   1.0482e+00


P_AUPR_all =

   1.8637e-01   5.5351e-01   2.6627e-02   1.2760e-02   7.0693e-02


P_AUROC_all =

   1.4199e-01   4.3687e-01   1.5885e-01   2.2367e-02   6.0368e-02


P_AUPR_overall =

   7.5650e-02


P_AUROC_overall =

   1.0588e-01


AUPR_all =

   1.7963e-01   1.6676e-01   2.7268e-01   4.4362e-01   3.4657e-01


AUROC_all =

   5.9666e-01   5.1289e-01   5.9750e-01   6.3569e-01   6.1029e-01

InSilicoSize10_Ecoli1.txt

AUC =

   1.7963e-01


AUROC =

   5.9666e-01


P_AUC =

   1.8637e-01


P_AUROC =

   1.4199e-01

InSilicoSize10_Ecoli2.txt

AUC =

   1.6676e-01


AUROC =

   5.1289e-01


P_AUC =

   5.5351e-01


P_AUROC =

   4.3687e-01

InSilicoSize10_Yeast1.txt

AUC =

   2.7268e-01


AUROC =

   5.9750e-01


P_AUC =

   2.6627e-02


P_AUROC =

   1.5885e-01

InSilicoSize10_Yeast2.txt

AUC =

   4.4362e-01


AUROC =

   6.3569e-01


P_AUC =

   1.2760e-02


P_AUROC =

   2.2367e-02

InSilicoSize10_Yeast3.txt

AUC =

   3.4657e-01


AUROC =

   6.1029e-01


P_AUC =

   7.0693e-02


P_AUROC =

   6.0368e-02

--------------------------------------------------
SUMMARY

score =

   1.0482e+00


P_AUPR_all =

   1.8637e-01   5.5351e-01   2.6627e-02   1.2760e-02   7.0693e-02


P_AUROC_all =

   1.4199e-01   4.3687e-01   1.5885e-01   2.2367e-02   6.0368e-02


P_AUPR_overall =

   7.5650e-02


P_AUROC_overall =

   1.0588e-01


AUPR_all =

   1.7963e-01   1.6676e-01   2.7268e-01   4.4362e-01   3.4657e-01


AUROC_all =

   5.9666e-01   5.1289e-01   5.9750e-01   6.3569e-01   6.1029e-01

InSilicoSize10_Ecoli1.txt

AUC =

   1.6872e-01


AUROC =

   5.9724e-01


P_AUC =

   2.2977e-01


P_AUROC =

   1.4055e-01

InSilicoSize10_Ecoli2.txt

AUC =

   2.8052e-01


AUROC =

   5.2800e-01


P_AUC =

   5.9634e-02


P_AUROC =

   3.6289e-01

InSilicoSize10_Yeast1.txt

AUC =

   2.4581e-01


AUROC =

   6.2875e-01


P_AUC =

   4.4282e-02


P_AUROC =

   8.8824e-02

InSilicoSize10_Yeast2.txt

AUC =

   2.9411e-01


AUROC =

   5.2985e-01


P_AUC =

   4.1962e-01


P_AUROC =

   3.1115e-01

InSilicoSize10_Yeast3.txt

AUC =

   2.7423e-01


AUROC =

   5.5414e-01


P_AUC =

   3.3109e-01


P_AUROC =

   2.3161e-01

--------------------------------------------------
SUMMARY

score =

   7.5603e-01


P_AUPR_all =

   2.2977e-01   5.9634e-02   4.4282e-02   4.1962e-01   3.3109e-01


P_AUROC_all =

   1.4055e-01   3.6289e-01   8.8824e-02   3.1115e-01   2.3161e-01


P_AUPR_overall =

   1.5317e-01


P_AUROC_overall =

   2.0080e-01


AUPR_all =

   1.6872e-01   2.8052e-01   2.4581e-01   2.9411e-01   2.7423e-01


AUROC_all =

   5.9724e-01   5.2800e-01   6.2875e-01   5.2985e-01   5.5414e-01

InSilicoSize10_Ecoli1.txt

AUC =

   1.3504e-01


AUROC =

   5.3855e-01


P_AUC =

   4.3617e-01


P_AUROC =

   3.3249e-01

InSilicoSize10_Ecoli2.txt

AUC =

   1.6562e-01


AUROC =

   5.0000e-01


P_AUC =

   5.6420e-01


P_AUROC =

   5.0196e-01

InSilicoSize10_Yeast1.txt

AUC =

   9.6031e-02


AUROC =

   4.6187e-01


P_AUC =

   7.5287e-01


P_AUROC =

   6.7170e-01

InSilicoSize10_Yeast2.txt

AUC =

   2.5568e-01


AUROC =

   4.9354e-01


P_AUC =

   7.4117e-01


P_AUROC =

   5.3482e-01

InSilicoSize10_Yeast3.txt

AUC =

   3.6038e-01


AUROC =

   5.7353e-01


P_AUC =

   5.0612e-02


P_AUROC =

   1.5505e-01

--------------------------------------------------
SUMMARY

score =

   4.1897e-01


P_AUPR_all =

   4.3617e-01   5.6420e-01   7.5287e-01   7.4117e-01   5.0612e-02


P_AUROC_all =

   3.3249e-01   5.0196e-01   6.7170e-01   5.3482e-01   1.5505e-01


P_AUPR_overall =

   3.7016e-01


P_AUROC_overall =

   3.9234e-01


AUPR_all =

   1.3504e-01   1.6562e-01   9.6031e-02   2.5568e-01   3.6038e-01


AUROC_all =

   5.3855e-01   5.0000e-01   4.6187e-01   4.9354e-01   5.7353e-01

InSilicoSize10_Ecoli1.txt

AUC =

   3.9733e-01


AUROC =

   7.6467e-01


P_AUC =

   2.5611e-03


P_AUROC =

   1.6518e-03

InSilicoSize10_Ecoli2.txt

AUC =

   1.9083e-01


AUROC =

   5.3511e-01


P_AUC =

   3.6229e-01


P_AUROC =

   3.2971e-01

InSilicoSize10_Yeast1.txt

AUC =

   1.6759e-01


AUROC =

   5.6875e-01


P_AUC =

   1.9453e-01


P_AUROC =

   2.4901e-01

InSilicoSize10_Yeast2.txt

AUC =

   2.8869e-01


AUROC =

   5.3723e-01


P_AUC =

   4.6227e-01


P_AUROC =

   2.7222e-01

InSilicoSize10_Yeast3.txt

AUC =

   4.0420e-01


AUROC =

   5.8556e-01


P_AUC =

   1.6307e-02


P_AUROC =

   1.1697e-01

--------------------------------------------------
SUMMARY

score =

   1.1231e+00


P_AUPR_all =

   2.5611e-03   3.6229e-01   1.9453e-01   4.6227e-01   1.6307e-02


P_AUROC_all =

   1.6518e-03   3.2971e-01   2.4901e-01   2.7222e-01   1.1697e-01


P_AUPR_overall =

   6.7104e-02


P_AUROC_overall =

   8.4540e-02


AUPR_all =

   3.9733e-01   1.9083e-01   1.6759e-01   2.8869e-01   4.0420e-01


AUROC_all =

   7.6467e-01   5.3511e-01   5.6875e-01   5.3723e-01   5.8556e-01

InSilicoSize10_Ecoli1.txt

AUC =

   2.5014e-01


AUROC =

   7.0771e-01


P_AUC =

   4.7362e-02


P_AUROC =

   1.0626e-02

InSilicoSize10_Ecoli2.txt

AUC =

   1.4647e-01


AUROC =

   4.6667e-01


P_AUC =

   7.6046e-01


P_AUROC =

   6.6530e-01

InSilicoSize10_Yeast1.txt

AUC =

   2.4100e-01


AUROC =

   5.5000e-01


P_AUC =

   4.8502e-02


P_AUROC =

   3.1940e-01

InSilicoSize10_Yeast2.txt

AUC =

   3.4094e-01


AUROC =

   6.0831e-01


P_AUC =

   1.6239e-01


P_AUROC =

   5.1069e-02

InSilicoSize10_Yeast3.txt

AUC =

   4.1219e-01


AUROC =

   6.2132e-01


P_AUC =

   1.3119e-02


P_AUROC =

   4.3326e-02

--------------------------------------------------
SUMMARY

score =

   1.0731e+00


P_AUPR_all =

   4.7362e-02   7.6046e-01   4.8502e-02   1.6239e-01   1.3119e-02


P_AUROC_all =

   1.0626e-02   6.6530e-01   3.1940e-01   5.1069e-02   4.3326e-02


P_AUPR_overall =

   8.2062e-02


P_AUROC_overall =

   8.7042e-02


AUPR_all =

   2.5014e-01   1.4647e-01   2.4100e-01   3.4094e-01   4.1219e-01


AUROC_all =

   7.0771e-01   4.6667e-01   5.5000e-01   6.0831e-01   6.2132e-01

InSilicoSize10_Ecoli1.txt

AUC =

   1.4242e-01


AUROC =

   5.9609e-01


P_AUC =

   3.7938e-01


P_AUROC =

   1.4340e-01

InSilicoSize10_Ecoli2.txt

AUC =

   1.4647e-01


AUROC =

   4.6667e-01


P_AUC =

   7.6046e-01


P_AUROC =

   6.6530e-01

InSilicoSize10_Yeast1.txt

AUC =

   2.4100e-01


AUROC =

   5.5000e-01


P_AUC =

   4.8502e-02


P_AUROC =

   3.1940e-01

InSilicoSize10_Yeast2.txt

AUC =

   3.4094e-01


AUROC =

   6.0831e-01


P_AUC =

   1.6239e-01


P_AUROC =

   5.1069e-02

InSilicoSize10_Yeast3.txt

AUC =

   4.1219e-01


AUROC =

   6.2132e-01


P_AUC =

   1.3119e-02


P_AUROC =

   4.3326e-02

--------------------------------------------------
SUMMARY

score =

   8.6968e-01


P_AUPR_all =

   3.7938e-01   7.6046e-01   4.8502e-02   1.6239e-01   1.3119e-02


P_AUROC_all =

   1.4340e-01   6.6530e-01   3.1940e-01   5.1069e-02   4.3326e-02


P_AUPR_overall =

   1.2441e-01


P_AUROC_overall =

   1.4648e-01


AUPR_all =

   1.4242e-01   1.4647e-01   2.4100e-01   3.4094e-01   4.1219e-01


AUROC_all =

   5.9609e-01   4.6667e-01   5.5000e-01   6.0831e-01   6.2132e-01

InSilicoSize10_Ecoli1.txt

AUC =

   1.4242e-01


AUROC =

   5.9609e-01


P_AUC =

   3.7938e-01


P_AUROC =

   1.4340e-01

InSilicoSize10_Ecoli2.txt

AUC =

   1.4647e-01


AUROC =

   4.6667e-01


P_AUC =

   7.6046e-01


